0 345 689 1045 617 530 495 277
345 0 345 912 277 774 314 557
689 345 0 939 133 1090 464 892
1045 912 939 0 821 948 600 976
617 277 133 821 0 976 332 793
530 774 1090 948 976 0 687 254
495 314 464 600 332 687 0 557
277 557 892 976 793 254 557 0
