0 366 370 362 559 770 547 431 206 659
366 0 701 722 755 902 667 76 509 661
370 701 0 316 342 573 435 774 433 635
362 722 316 0 653 886 723 780 250 901
559 755 342 653 0 233 154 830 708 363
770 902 573 886 233 0 237 972 933 325
547 667 435 723 154 237 0 738 726 214
431 76 774 780 830 972 738 0 557 721
206 509 433 250 708 933 726 557 0 858
659 661 635 901 363 325 214 721 858 0
