0 340 443 222 557 468 509 281
340 0 722 284 238 166 187 343
443 722 0 452 960 879 838 425
222 284 452 0 521 449 387 73
557 238 960 521 0 91 225 576
468 166 879 449 91 0 223 509
509 187 838 387 225 223 0 420
281 343 425 73 576 509 420 0
