0 563 401 805 554 1005 850 374
563 0 642 735 605 486 604 258
401 642 0 448 202 919 579 386
805 735 448 0 254 739 247 572
554 605 202 254 0 777 383 383
1005 486 919 739 777 0 499 635
850 604 579 247 383 499 0 528
374 258 386 572 383 635 528 0
