0 540 361 717 432 791 379 601 526 302 566 518
540 0 767 383 849 604 414 949 894 267 47 694
361 767 0 765 83 720 733 242 165 608 773 293
717 383 765 0 835 248 760 858 830 567 340 555
432 849 83 835 0 771 809 187 112 689 854 330
791 604 720 248 771 0 932 741 734 728 566 447
379 414 733 760 809 932 0 969 896 204 459 821
601 949 242 858 187 741 969 0 77 828 946 304
526 894 165 830 112 734 896 77 0 760 893 287
302 267 608 567 689 728 204 828 760 0 305 641
566 47 773 340 854 566 459 946 893 305 0 682
518 694 293 555 330 447 821 304 287 641 682 0
