0 1068 1124 644 271 986 773 250
1068 0 176 850 953 204 956 982
1124 176 0 798 1047 377 880 1000
644 850 798 0 783 902 157 402
271 953 1047 783 0 828 932 454
986 204 377 902 828 0 1029 947
773 956 880 157 932 1029 0 524
250 982 1000 402 454 947 524 0
