0 477 522 378 393 276 754 216
477 0 702 309 384 750 1139 531
522 702 0 395 321 641 534 738
378 309 395 0 75 635 866 548
393 384 321 75 0 631 806 581
276 750 641 635 631 0 648 308
754 1139 534 866 806 648 0 916
216 531 738 548 581 308 916 0
