0 353 472 421 367 354 456 249 428 139 219 182
353 0 665 301 329 558 540 564 781 268 423 521
472 665 0 462 827 797 925 290 538 595 682 365
421 301 462 0 599 747 786 502 785 436 599 504
367 329 827 599 0 304 219 613 708 233 236 537
354 558 797 747 304 0 181 520 485 313 147 438
456 540 925 786 219 181 0 665 665 361 243 583
249 564 290 502 613 520 665 0 293 388 424 82
428 781 538 785 708 485 665 293 0 539 473 282
139 268 595 436 233 313 361 388 539 0 167 319
219 423 682 599 236 147 243 424 473 167 0 342
182 521 365 504 537 438 583 82 282 319 342 0
