0 516 764 472 491 794 772 307 683 933
516 0 644 57 218 511 815 304 270 461
764 644 0 604 431 237 257 817 904 605
472 57 604 0 174 488 766 290 322 481
491 218 431 174 0 340 598 414 487 453
794 511 237 488 340 0 492 754 741 368
772 815 257 766 598 492 0 914 1085 857
307 304 817 290 414 754 914 0 388 765
683 270 904 322 487 741 1085 388 0 563
933 461 605 481 453 368 857 765 563 0
