0 753 727 533 271 962 756 592 269 460 696 722
753 0 988 233 483 677 1022 694 650 616 942 997
727 988 0 799 733 609 35 294 952 394 47 17
533 233 799 0 263 631 834 513 482 409 752 805
271 483 733 263 0 779 767 502 273 360 691 734
962 677 609 631 779 0 630 427 1051 516 577 625
756 1022 35 834 767 630 0 328 984 429 81 34
592 694 294 513 502 427 328 0 758 143 248 304
269 650 952 482 273 1051 984 758 0 615 915 949
460 616 394 409 360 516 429 143 615 0 349 399
696 942 47 752 691 577 81 248 915 349 0 57
722 997 17 805 734 625 34 304 949 399 57 0
