0 696 700 251 296 522 385 459 177 337 220 382
696 0 108 793 621 801 336 544 844 488 790 1018
700 108 0 762 578 732 318 618 833 446 764 993
251 793 762 0 194 306 456 694 161 318 34 234
296 621 578 194 0 257 293 641 318 133 207 427
522 801 732 306 257 0 511 897 467 347 340 461
385 336 318 456 293 511 0 462 515 166 454 682
459 544 618 694 641 897 462 0 632 575 669 837
177 844 833 161 318 467 515 632 0 415 129 206
337 488 446 318 133 347 166 575 415 0 324 551
220 790 764 34 207 340 454 669 129 324 0 229
382 1018 993 234 427 461 682 837 206 551 229 0
