0 864 197 438 719 892 1062 356 841 127
864 0 798 937 583 534 711 517 348 803
197 798 0 616 797 946 1133 359 857 72
438 937 616 0 502 698 805 489 744 545
719 583 797 502 0 196 343 456 278 751
892 534 946 698 196 0 202 589 186 908
1062 711 1133 805 343 202 0 780 372 1091
356 517 359 489 456 589 780 0 501 331
841 348 857 744 278 186 372 501 0 832
127 803 72 545 751 908 1091 331 832 0
