0 380 334 312 626 554 751 393 185 543 317 711
380 0 520 683 981 896 1107 588 200 599 557 781
334 520 0 517 541 777 659 69 415 235 642 382
312 683 517 0 469 262 574 544 483 752 290 884
626 981 541 469 0 596 126 508 804 709 755 744
554 896 777 262 596 0 664 800 701 1012 377 1137
751 1107 659 574 126 664 0 620 930 811 864 826
393 588 69 544 508 800 620 0 483 221 693 340
185 200 415 483 804 701 930 483 0 567 384 750
543 599 235 752 709 1012 811 221 567 0 859 185
317 557 642 290 755 377 864 693 384 859 0 1023
711 781 382 884 744 1137 826 340 750 185 1023 0
