0 379 539 484 866 282 96 896 854 482
379 0 273 734 711 171 286 571 864 462
539 273 0 711 445 258 472 361 658 315
484 734 711 0 772 565 549 1035 556 428
866 711 445 772 0 634 833 455 371 400
282 171 258 565 634 0 214 614 724 316
96 286 472 549 833 214 0 822 863 469
896 571 361 1035 455 614 822 0 806 609
854 864 658 556 371 724 863 806 0 408
482 462 315 428 400 316 469 609 408 0
