0 155 706 289 665 625 743 969 719 951
155 0 558 135 525 563 609 817 607 816
706 558 0 428 441 515 158 443 650 302
289 135 428 0 422 527 494 690 540 698
665 525 441 422 0 850 594 350 211 727
625 563 515 527 850 0 402 955 1026 542
743 609 158 494 594 402 0 585 802 208
969 817 443 690 350 955 585 0 492 613
719 607 650 540 211 1026 802 492 0 937
951 816 302 698 727 542 208 613 937 0
