0 256 550 438 689 428 120 218 351 554 477 406
256 0 338 227 535 659 248 360 584 472 665 300
550 338 0 424 238 976 476 529 899 307 798 229
438 227 424 0 659 767 466 584 700 654 886 491
689 535 238 659 0 1110 587 591 1035 204 794 284
428 659 976 767 1110 0 523 550 77 956 606 826
120 248 476 466 587 523 0 122 448 439 420 303
218 360 529 584 591 550 122 0 480 414 305 319
351 584 899 700 1035 77 448 480 0 883 564 750
554 472 307 654 204 956 439 414 883 0 591 172
477 665 798 886 794 606 420 305 564 591 0 571
406 300 229 491 284 826 303 319 750 172 571 0
