0 778 332 545 683 877 156 398
778 0 502 244 613 415 862 409
332 502 0 259 398 545 371 95
545 244 259 0 466 424 619 165
683 613 398 466 0 340 643 414
877 415 545 424 340 0 890 496
156 862 371 619 643 890 0 458
398 409 95 165 414 496 458 0
