0 659 563 246 322 397 537 126
659 0 779 469 618 914 1006 776
563 779 0 690 851 356 333 549
246 469 690 0 191 622 754 371
322 618 851 191 0 717 858 421
397 914 356 622 717 0 143 308
537 1006 333 754 858 143 0 451
126 776 549 371 421 308 451 0
