0 981 896 545 704 549 853 427
981 0 279 841 602 486 344 558
896 279 0 618 744 348 73 482
545 841 618 0 937 387 548 446
704 602 744 937 0 594 762 492
549 486 348 387 594 0 306 156
853 344 73 548 762 306 0 451
427 558 482 446 492 156 451 0
