0 594 542 312 388 645 550 595 549 807 671 721
594 0 71 374 542 247 156 141 162 581 988 464
542 71 0 354 471 208 96 101 196 533 917 415
312 374 354 0 523 536 414 445 269 808 921 697
388 542 471 523 0 431 408 452 607 450 447 395
645 247 208 536 431 0 123 109 402 334 846 219
550 156 96 414 408 123 0 48 291 438 849 320
595 141 101 445 452 109 48 0 293 440 889 323
549 162 196 269 607 402 291 293 0 729 1049 611
807 581 533 808 450 334 438 440 729 0 711 118
671 988 917 921 447 846 849 889 1049 711 0 726
721 464 415 697 395 219 320 323 611 118 726 0
