0 825 247 652 804 571 757 855 602 715 60 387
825 0 1054 378 154 316 213 682 814 179 858 515
247 1054 0 829 1045 816 960 958 641 956 246 634
652 378 829 0 487 448 179 343 442 439 704 530
804 154 1045 487 0 241 347 814 901 89 828 449
571 316 816 448 241 0 393 791 780 155 591 208
757 213 960 179 347 393 0 470 620 325 802 539
855 682 958 343 814 791 470 0 352 777 914 847
602 814 641 442 901 780 620 352 0 834 661 745
715 179 956 439 89 155 325 777 834 0 739 363
60 858 246 704 828 591 802 914 661 739 0 397
387 515 634 530 449 208 539 847 745 363 397 0
