0 603 624 549 354 538 904 629
603 0 77 548 581 476 309 703
624 77 0 621 639 549 282 776
549 548 621 0 217 74 806 155
354 581 639 217 0 239 878 275
538 476 549 74 239 0 732 228
904 309 282 806 878 732 0 956
629 703 776 155 275 228 956 0
