0 846 471 256 558 63 695 114 480 570
846 0 774 799 414 899 450 769 803 283
471 774 0 679 361 526 394 367 873 604
256 799 679 0 637 248 793 322 225 520
558 414 361 637 0 621 157 453 756 294
63 899 526 248 621 0 758 176 471 620
695 450 394 793 157 758 0 585 913 421
114 769 367 322 453 176 585 0 535 504
480 803 873 225 756 471 913 535 0 554
570 283 604 520 294 620 421 504 554 0
