0 821 630 319 437 938 476 654 620 407 133 597
821 0 815 552 385 702 801 253 313 758 948 287
630 815 0 719 622 411 157 840 503 957 652 801
319 552 719 0 195 894 603 346 456 266 452 290
437 385 622 195 0 724 540 249 264 453 565 197
938 702 411 894 724 0 540 848 478 1160 1000 834
476 801 157 603 540 540 0 778 491 823 495 733
654 253 840 346 249 848 778 0 376 514 787 57
620 313 503 456 264 478 491 376 0 718 729 357
407 758 957 266 453 1160 823 514 718 0 507 471
133 948 652 452 565 1000 495 787 729 507 0 729
597 287 801 290 197 834 733 57 357 471 729 0
