0 216 485 565 535 374 346 293 725 805 495 373
216 0 326 610 635 158 477 506 568 844 710 183
485 326 0 516 621 272 549 769 244 701 954 391
565 610 516 0 162 689 280 694 601 241 786 778
535 635 621 162 0 745 195 595 743 319 654 816
374 158 272 689 745 0 607 661 489 910 867 119
346 477 549 280 195 607 0 415 727 498 513 660
293 506 769 694 595 661 415 0 1001 910 208 638
725 568 244 601 743 489 727 1001 0 717 1177 605
805 844 701 241 319 910 498 910 717 0 972 1007
495 710 954 786 654 867 513 208 1177 972 0 846
373 183 391 778 816 119 660 638 605 1007 846 0
