0 416 260 661 255 625 497 402 450 502
416 0 537 591 622 297 567 717 722 116
260 537 0 495 141 628 288 180 200 576
661 591 495 0 634 417 219 581 516 528
255 622 141 634 0 752 422 162 232 680
625 297 628 417 752 0 507 790 763 185
497 567 288 219 422 507 0 362 301 547
402 717 180 581 162 790 362 0 84 754
450 722 200 516 232 763 301 84 0 746
502 116 576 528 680 185 547 754 746 0
