0 483 670 933 740 822 134 1006 299 960
483 0 686 1037 688 775 488 1077 765 949
670 686 0 354 106 160 540 391 708 294
933 1037 354 0 392 338 799 91 865 234
740 688 106 392 0 90 615 405 805 261
822 775 160 338 90 0 695 336 868 174
134 488 540 799 615 695 0 872 286 828
1006 1077 391 91 405 336 872 0 951 192
299 765 708 865 805 868 286 951 0 964
960 949 294 234 261 174 828 192 964 0
