0 438 659 880 247 695 887 970 236 1096 603 775
438 0 589 810 416 982 614 773 339 938 740 344
659 589 0 232 414 648 367 341 430 440 311 658
880 810 232 0 633 710 411 262 657 262 401 821
247 416 414 633 0 569 680 737 77 854 382 690
695 982 648 710 569 0 1015 950 645 967 337 1212
887 614 367 411 680 1015 0 205 656 377 678 473
970 773 341 262 737 950 205 0 734 174 620 675
236 339 430 657 77 645 656 734 0 863 445 623
1096 938 440 262 854 967 377 174 863 0 662 849
603 740 311 401 382 337 678 620 445 662 0 913
775 344 658 821 690 1212 473 675 623 849 913 0
