0 673 666 653 978 961 691 737 127 846 700 642
673 0 356 42 859 748 609 73 555 242 187 119
666 356 0 316 505 405 262 345 592 294 185 457
653 42 316 0 820 710 568 83 538 230 152 149
978 859 505 820 0 145 301 838 961 728 678 963
961 748 405 710 145 0 271 718 925 596 562 857
691 609 262 568 301 271 0 605 663 546 447 698
737 73 345 83 838 718 605 0 621 176 161 182
127 555 592 538 961 925 663 621 0 741 599 517
846 242 294 230 728 596 546 176 741 0 150 358
700 187 185 152 678 562 447 161 599 150 0 302
642 119 457 149 963 857 698 182 517 358 302 0
