0 542 190 301 263 431 496 437
542 0 527 833 733 123 933 551
190 527 0 433 444 446 674 250
301 833 433 0 173 716 300 671
263 733 444 173 0 611 233 695
431 123 446 716 611 0 810 522
496 933 674 300 233 810 0 924
437 551 250 671 695 522 924 0
