0 249 517 752 472 524 743 465
249 0 605 955 305 374 896 519
517 605 0 496 516 498 331 980
752 955 496 0 978 976 241 1122
472 305 516 978 0 71 846 825
524 374 498 976 71 0 828 893
743 896 331 241 846 828 0 1173
465 519 980 1122 825 893 1173 0
