0 786 53 188 338 585 837 263 378 836 791 807
786 0 833 598 617 644 113 670 429 108 475 876
53 833 0 234 354 596 886 275 419 885 817 805
188 598 234 0 244 487 653 207 197 652 639 742
338 617 354 244 0 251 704 81 214 701 470 498
585 644 596 487 251 0 751 322 378 747 302 272
837 113 886 653 704 751 0 750 504 5 587 988
263 670 275 207 81 322 750 0 247 748 551 552
378 429 419 197 214 378 504 247 0 502 458 650
836 108 885 652 701 747 5 748 502 0 582 983
791 475 817 639 470 302 587 551 458 582 0 437
807 876 805 742 498 272 988 552 650 983 437 0
