0 178 711 220 860 246 807 224 263 306 59 305
178 0 652 171 937 174 790 310 424 370 181 405
711 652 0 823 636 484 212 545 730 480 761 552
220 171 823 0 1069 343 958 428 477 503 173 517
860 937 636 1069 0 790 466 641 669 568 918 555
246 174 484 343 790 0 616 218 397 244 286 305
807 790 212 958 466 616 0 605 756 524 864 576
224 310 545 428 641 218 605 0 200 84 284 95
263 424 730 477 669 397 756 200 0 250 305 181
306 370 480 503 568 244 524 84 250 0 366 81
59 181 761 173 918 286 864 284 305 366 0 363
305 405 552 517 555 305 576 95 181 81 363 0
