0 787 188 735 359 333 526 463 669 161
787 0 897 742 463 1074 1188 1081 918 702
188 897 0 923 437 399 619 585 849 195
735 742 923 0 745 783 746 636 247 807
359 463 437 745 0 685 851 765 796 243
333 1074 399 783 685 0 222 221 614 489
526 1188 619 746 851 222 0 115 528 687
463 1081 585 636 765 221 115 0 429 622
669 918 849 247 796 614 528 429 0 783
161 702 195 807 243 489 687 622 783 0
