0 891 241 394 84 787 383 310 1091 699 771 840
891 0 792 512 834 362 616 812 506 318 430 77
241 792 0 288 160 604 190 77 893 685 574 757
394 512 288 0 327 411 155 327 720 408 412 472
84 834 160 327 0 710 301 233 1011 665 690 787
787 362 604 411 710 0 417 592 308 542 69 392
383 616 190 155 301 417 0 197 712 559 391 589
310 812 77 327 233 592 197 0 868 733 553 784
1091 506 893 720 1011 308 712 868 0 783 321 570
699 318 685 408 665 542 559 733 783 0 593 241
771 430 574 412 690 69 391 553 321 593 0 457
840 77 757 472 787 392 589 784 570 241 457 0
