0 678 700 442 301 611 254 188 249 69
678 0 387 236 395 600 459 663 927 745
700 387 0 398 424 272 450 785 916 766
442 236 398 0 167 504 233 445 691 510
301 395 424 167 0 428 66 361 544 370
611 600 272 504 428 0 413 751 774 664
254 459 450 233 66 413 0 346 490 322
188 663 785 445 361 751 346 0 348 199
249 927 916 691 544 774 490 348 0 183
69 745 766 510 370 664 322 199 183 0
