0 548 190 583 389 660 270 557
548 0 698 997 654 926 818 1020
190 698 0 644 543 781 197 584
583 997 644 0 358 267 473 116
389 654 543 358 0 293 474 415
660 926 781 267 293 0 654 381
270 818 197 473 474 654 0 398
557 1020 584 116 415 381 398 0
