0 241 756 423 289 264 510 837
241 0 515 217 82 472 681 596
756 515 0 410 489 976 1149 100
423 217 410 0 140 590 741 463
289 82 489 140 0 487 672 560
264 472 976 590 487 0 257 1045
510 681 1149 741 672 257 0 1204
837 596 100 463 560 1045 1204 0
