0 214 488 331 253 460 242 335 466 503
214 0 277 316 144 324 191 325 636 458
488 277 0 430 288 376 347 440 902 588
331 316 430 0 179 638 125 10 783 766
253 144 288 179 0 460 63 189 717 602
460 324 376 638 460 0 514 647 685 221
242 191 347 125 63 514 0 134 708 642
335 325 440 10 189 647 134 0 786 775
466 636 902 783 717 685 708 786 0 552
503 458 588 766 602 221 642 775 552 0
