0 224 624 650 318 688 481 536 767 419 476 722
224 0 516 428 370 721 473 571 786 643 362 738
624 516 0 621 394 428 260 367 441 946 155 401
650 428 621 0 727 994 747 872 1034 1067 530 988
318 370 394 727 0 372 175 219 449 554 294 404
688 721 428 994 372 0 255 154 85 814 466 60
481 473 260 747 175 255 0 127 314 720 229 266
536 571 367 872 219 154 127 0 231 698 356 188
767 786 441 1034 449 85 314 231 0 898 505 48
419 643 946 1067 554 814 720 698 898 0 824 868
476 362 155 530 294 466 229 356 505 824 0 458
722 738 401 988 404 60 266 188 48 868 458 0
