0 67 278 449 588 425 138 443 523 232 588 456
67 0 313 493 570 358 71 387 465 299 540 426
278 313 0 625 864 601 367 498 765 242 853 733
449 493 625 0 502 783 537 877 743 393 709 503
588 570 864 502 0 604 549 811 416 724 296 168
425 358 601 783 604 0 287 238 247 656 395 439
138 71 367 537 549 287 0 340 401 370 487 395
443 387 498 877 811 238 340 0 484 638 630 643
523 465 765 743 416 247 401 484 0 746 153 276
232 299 242 393 724 656 370 638 746 0 792 628
588 540 853 709 296 395 487 630 153 792 0 206
456 426 733 503 168 439 395 643 276 628 206 0
