0 117 37 562 404 415 816 498 128 359
117 0 88 573 521 531 932 615 241 426
37 88 0 542 434 445 846 529 164 392
562 573 542 0 675 677 965 748 615 896
404 521 434 675 0 12 412 96 289 415
415 531 445 677 12 0 401 87 301 425
816 932 846 965 412 401 0 319 699 744
498 615 529 748 96 87 319 0 380 464
128 241 164 615 289 301 699 380 0 281
359 426 392 896 415 425 744 464 281 0
