0 591 710 642 668 769 514 145 511 837 471 375
591 0 134 445 622 393 578 637 607 729 470 649
710 134 0 430 621 321 703 741 733 699 509 717
642 445 430 0 192 195 918 582 938 285 191 422
668 622 621 192 0 370 1033 570 1049 169 211 351
769 393 321 195 370 0 945 737 970 398 370 608
514 578 703 918 1033 945 0 655 33 1186 824 846
145 637 741 582 570 737 655 0 654 738 395 245
511 607 733 938 1049 970 33 654 0 1204 839 852
837 729 699 285 169 398 1186 738 1204 0 375 511
471 470 509 191 211 370 824 395 839 375 0 238
375 649 717 422 351 608 846 245 852 511 238 0
