0 186 373 314 1144 1010 566 639 880 387
186 0 225 210 961 842 418 484 694 319
373 225 0 386 801 638 490 530 575 182
314 210 386 0 968 916 261 339 675 521
1144 961 801 968 0 311 796 742 301 923
1010 842 638 916 311 0 824 795 400 710
566 418 490 261 796 824 0 79 496 665
639 484 530 339 742 795 79 0 444 709
880 694 575 675 301 400 496 444 0 730
387 319 182 521 923 710 665 709 730 0
