0 620 786 1032 859 840 787 478
620 0 263 424 498 322 196 297
786 263 0 451 720 60 115 329
1032 424 451 0 479 463 349 697
859 498 720 479 0 766 610 766
840 322 60 463 766 0 156 375
787 196 115 349 610 156 0 371
478 297 329 697 766 375 371 0
