0 636 687 907 835 675 282 595 902 116 339 640
636 0 53 992 916 637 354 832 295 566 444 740
687 53 0 1002 927 648 405 858 262 615 482 758
907 992 1002 0 79 354 892 325 1249 808 664 282
835 916 927 79 0 279 813 266 1177 734 586 204
675 637 648 354 279 0 578 305 898 561 363 150
282 354 405 892 813 578 0 636 626 224 228 610
595 832 858 325 266 305 636 0 1119 507 419 158
902 295 262 1249 1177 898 626 1119 0 847 739 1016
116 566 615 808 734 561 224 507 847 0 225 535
339 444 482 664 586 363 228 419 739 225 0 382
640 740 758 282 204 150 610 158 1016 535 382 0
