0 184 673 338 707 375 925 305 642 857
184 0 803 173 586 242 811 306 767 898
673 803 0 857 946 809 1072 565 42 466
338 173 857 0 425 98 650 298 817 858
707 586 946 425 0 344 225 468 905 720
375 242 809 98 344 0 569 244 769 772
925 811 1072 650 225 569 0 665 1032 754
305 306 565 298 468 244 665 0 525 591
642 767 42 817 905 769 1032 525 0 443
857 898 466 858 720 772 754 591 443 0
