0 240 494 412 436 295 563 540 372 303
240 0 445 353 608 201 329 310 220 226
494 445 0 796 479 244 634 640 252 221
412 353 796 0 848 552 430 393 569 575
436 608 479 848 0 496 924 912 580 478
295 201 244 552 496 0 447 442 91 26
563 329 634 430 924 447 0 37 390 471
540 310 640 393 912 442 37 0 392 467
372 220 252 569 580 91 390 392 0 103
303 226 221 575 478 26 471 467 103 0
