0 453 406 714 111 306 431 769
453 0 138 987 347 154 874 1026
406 138 0 1027 317 179 837 1072
714 987 1027 0 740 854 536 62
111 347 317 740 0 196 529 791
306 154 179 854 196 0 721 897
431 874 837 536 529 721 0 597
769 1026 1072 62 791 897 597 0
