0 788 778 444 403 281 681 620 343 550
788 0 144 618 426 509 870 796 563 537
778 144 0 691 383 498 752 682 502 430
444 618 691 0 488 378 999 922 562 733
403 426 383 488 0 142 548 468 143 246
281 509 498 378 142 0 622 544 184 365
681 870 752 999 548 622 0 80 438 336
620 796 682 922 468 544 80 0 360 259
343 563 502 562 143 184 438 360 0 209
550 537 430 733 246 365 336 259 209 0
