0 501 340 494 733 374 61 452 515 473
501 0 477 266 289 469 444 92 557 427
340 477 0 632 573 643 338 387 785 165
494 266 632 0 540 264 435 328 308 640
733 289 573 540 0 758 684 290 842 443
374 469 643 264 758 0 334 490 144 715
61 444 338 435 684 334 0 398 477 456
452 92 387 328 290 490 398 0 596 336
515 557 785 308 842 144 477 596 0 849
473 427 165 640 443 715 456 336 849 0
