0 566 748 624 731 148 731 709 378 520
566 0 203 506 717 422 556 169 621 547
748 203 0 506 714 600 516 40 724 596
624 506 506 0 213 519 108 481 349 146
731 717 714 213 0 658 214 692 375 219
148 422 600 519 658 0 622 561 354 439
731 556 516 108 214 622 0 499 450 245
709 169 40 481 692 561 499 0 688 565
378 621 724 349 375 354 450 688 0 204
520 547 596 146 219 439 245 565 204 0
