0 335 404 378 433 103 417 463 418 483 386 266
335 0 177 674 618 412 750 182 651 719 443 345
404 177 0 664 542 501 812 333 599 662 333 279
378 674 664 0 254 383 317 829 161 181 418 393
433 618 542 254 0 494 560 796 97 134 222 274
103 412 501 383 494 0 343 514 460 519 479 363
417 750 812 317 560 343 0 856 475 497 670 595
463 182 333 829 796 514 856 0 823 891 625 525
418 651 599 161 97 460 475 823 0 68 300 321
483 719 662 181 134 519 497 891 68 0 354 386
386 443 333 418 222 479 670 625 300 354 0 125
266 345 279 393 274 363 595 525 321 386 125 0
