0 203 967 635 963 1018 672 91 640 872
203 0 882 630 829 879 477 190 682 741
967 882 0 424 269 305 704 877 556 264
635 630 424 0 579 638 715 546 153 505
963 829 269 579 0 60 516 882 731 92
1018 879 305 638 60 0 543 938 788 150
672 477 704 715 516 543 0 625 844 459
91 190 877 546 882 938 625 0 559 790
640 682 556 153 731 788 844 559 0 658
872 741 264 505 92 150 459 790 658 0
