0 661 771 524 453 975 236 762
661 0 690 222 633 435 428 153
771 690 0 500 332 564 699 619
524 222 500 0 412 456 321 253
453 633 332 412 0 726 445 639
975 435 564 456 726 0 775 282
236 428 699 321 445 775 0 539
762 153 619 253 639 282 539 0
