0 526 427 407 141 441 519 369 406 315
526 0 245 932 572 950 933 848 302 638
427 245 0 800 412 866 922 793 58 653
407 932 800 0 389 195 465 288 764 514
141 572 412 389 0 482 621 448 375 451
441 950 866 195 482 0 280 139 840 412
519 933 922 465 621 280 0 192 914 298
369 848 793 288 448 139 192 0 775 276
406 302 58 764 375 840 914 775 0 656
315 638 653 514 451 412 298 276 656 0
