0 131 496 552 485 591 228 676 141 143 538 381
131 0 392 505 540 466 340 585 189 246 472 330
496 392 0 776 925 459 606 724 431 632 708 629
552 505 776 0 408 451 766 254 679 510 88 176
485 540 925 408 0 778 604 658 622 354 474 381
591 466 459 451 778 0 805 291 640 657 364 397
228 340 606 766 604 805 0 904 182 271 761 601
676 585 724 254 658 291 904 0 774 683 186 329
141 189 431 679 622 640 182 774 0 270 655 504
143 246 632 510 354 657 271 683 270 0 519 358
538 472 708 88 474 364 761 186 655 519 0 162
381 330 629 176 381 397 601 329 504 358 162 0
