0 505 469 588 445 366 706 209
505 0 620 666 238 387 774 318
469 620 0 125 736 233 238 400
588 666 125 0 812 299 123 494
445 238 736 812 0 513 930 346
366 387 233 299 513 0 418 209
706 774 238 123 930 418 0 617
209 318 400 494 346 209 617 0
