0 522 225 182 275 171 187 444
522 0 733 652 248 351 468 577
225 733 0 106 486 390 301 614
182 652 106 0 408 322 200 617
275 248 486 408 0 106 242 465
171 351 390 322 106 0 195 419
187 468 301 200 242 195 0 593
444 577 614 617 465 419 593 0
