0 373 282 404 312 466 545 303 448 560 177 412
373 0 583 103 618 751 590 130 191 683 501 158
282 583 0 645 35 616 812 556 706 802 374 548
404 103 645 0 680 722 510 104 87 615 500 260
312 618 35 680 0 624 837 591 741 822 394 582
466 751 616 722 624 0 426 629 710 317 290 846
545 590 812 510 837 426 0 466 450 141 453 738
303 130 556 104 591 629 466 0 150 554 397 272
448 191 706 87 741 710 450 150 0 566 517 346
560 683 802 615 822 317 141 554 566 0 428 821
177 501 374 500 394 290 453 397 517 428 0 572
412 158 548 260 582 846 738 272 346 821 572 0
