0 736 691 284 482 657 475 906
736 0 55 966 854 834 728 908
691 55 0 929 836 829 714 920
284 966 929 0 380 595 453 863
482 854 836 380 0 217 135 484
657 834 829 595 217 0 184 267
475 728 714 453 135 184 0 434
906 908 920 863 484 267 434 0
