0 253 91 497 454 612 282 197
253 0 213 497 419 860 429 368
91 213 0 559 366 652 369 163
497 497 559 0 897 949 293 693
454 419 366 897 0 831 735 339
612 860 652 949 831 0 658 534
282 429 369 293 735 658 0 457
197 368 163 693 339 534 457 0
