0 196 228 638 455 297 670 486
196 0 425 457 323 123 519 585
228 425 0 856 649 519 867 455
638 457 856 0 253 341 172 811
455 323 649 253 0 207 218 558
297 123 519 341 207 0 395 585
670 519 867 172 218 395 0 730
486 585 455 811 558 585 730 0
