0 261 404 440 624 495 529 574 281 332
261 0 456 403 595 446 272 637 132 310
404 456 0 811 244 863 671 183 570 157
440 403 811 0 988 55 469 992 272 689
624 595 244 988 0 1035 736 214 724 302
495 446 863 55 1035 0 484 1044 314 738
529 272 671 469 736 484 0 839 283 514
574 637 183 992 214 1044 839 0 753 331
281 132 570 272 724 314 283 753 0 432
332 310 157 689 302 738 514 331 432 0
