0 432 736 491 593 651 240 953 688 606
432 0 815 889 402 866 549 1066 887 860
736 815 0 688 490 258 522 251 230 334
491 889 688 0 869 456 355 790 499 374
593 402 490 869 0 641 531 733 643 672
651 866 258 456 641 0 412 341 44 83
240 549 522 355 531 412 0 722 449 368
953 1066 251 790 733 341 722 0 296 419
688 887 230 499 643 44 449 296 0 125
606 860 334 374 672 83 368 419 125 0
