0 703 256 606 275 435 396 764
703 0 630 781 830 371 700 377
256 630 0 356 203 506 151 569
606 781 356 0 413 804 210 527
275 830 203 413 0 659 231 759
435 371 506 804 659 0 638 635
396 700 151 210 231 638 0 551
764 377 569 527 759 635 551 0
