0 314 333 810 491 257 175 750 450 717 344 275
314 0 249 934 791 571 142 665 287 523 628 132
333 249 0 1108 808 548 265 907 533 771 675 352
810 934 1108 0 664 788 847 551 735 792 599 802
491 791 808 664 0 267 650 939 811 1037 174 709
257 571 548 788 267 0 431 897 668 924 194 519
175 142 265 847 650 431 0 666 317 580 488 121
750 665 907 551 939 897 666 0 379 270 786 558
450 287 533 735 811 668 317 379 0 267 637 196
717 523 771 792 1037 924 580 270 267 0 867 459
344 628 675 599 174 194 488 786 637 867 0 539
275 132 352 802 709 519 121 558 196 459 539 0
