0 633 484 546 500 410 423 300 336 639
633 0 250 346 195 311 481 333 690 136
484 250 0 471 299 80 232 234 453 176
546 346 471 0 175 476 646 332 764 465
500 195 299 175 0 316 493 219 646 296
410 311 80 476 316 0 180 190 380 254
423 481 232 646 493 180 0 328 245 396
300 333 234 332 219 190 328 0 435 354
336 690 453 764 646 380 245 435 0 627
639 136 176 465 296 254 396 354 627 0
