0 409 675 1150 1006 890 866 28 835 778
409 0 266 750 624 659 494 410 450 375
675 266 0 500 399 625 302 676 252 139
1150 750 500 0 497 653 555 1156 326 375
1006 624 399 497 0 953 144 998 510 419
890 659 625 653 953 0 905 910 443 540
866 494 302 555 144 905 0 858 477 366
28 410 676 1156 998 910 858 0 843 782
835 450 252 326 510 443 477 843 0 120
778 375 139 375 419 540 366 782 120 0
