0 664 328 507 483 614 283 143 460 393 305 441
664 0 806 821 535 808 572 799 1026 1021 944 965
328 806 0 210 794 346 235 373 228 288 500 715
507 821 210 0 932 142 294 577 358 470 710 920
483 535 794 932 0 1000 643 542 942 859 611 514
614 808 346 142 1000 0 359 700 496 612 841 1042
283 572 235 294 643 359 0 404 460 486 566 724
143 799 373 577 542 700 404 0 430 322 164 344
460 1026 228 358 942 496 460 430 0 151 489 732
393 1021 288 470 859 612 486 322 151 0 349 593
305 944 500 710 611 841 566 164 489 349 0 244
441 965 715 920 514 1042 724 344 732 593 244 0
