0 778 885 230 691 603 504 1011 258 694 553 739
778 0 125 818 985 230 276 352 794 326 673 387
885 125 0 904 1109 299 390 377 876 335 796 377
230 818 904 0 920 605 569 1107 43 641 760 665
691 985 1109 920 0 967 794 975 945 1126 313 1196
603 230 299 605 967 0 174 570 577 166 667 239
504 276 390 569 794 174 0 539 552 336 493 409
1011 352 377 1107 975 570 539 0 1091 677 692 734
258 794 876 43 945 577 552 1091 0 605 772 627
694 326 335 641 1126 166 336 677 605 0 829 73
553 673 796 760 313 667 493 692 772 829 0 901
739 387 377 665 1196 239 409 734 627 73 901 0
