0 491 346 248 642 281 345 758 653 613 308 282
491 0 616 245 483 548 356 286 498 133 754 758
346 616 0 450 465 627 274 796 470 690 262 333
248 245 450 0 528 347 268 521 542 371 529 522
642 483 465 528 0 861 297 475 15 456 720 776
281 548 627 347 861 0 573 833 875 681 543 483
345 356 274 268 297 573 0 523 309 417 477 514
758 286 796 521 475 833 523 0 485 153 985 1005
653 498 470 542 15 875 309 485 0 470 727 784
613 133 690 371 456 681 417 153 470 0 857 869
308 754 262 529 720 543 477 985 727 857 0 87
282 758 333 522 776 483 514 1005 784 869 87 0
