0 959 855 507 333 763 82 721 770 318 575 961
959 0 813 588 1045 245 891 416 774 937 384 851
855 813 0 426 650 600 853 418 86 577 680 107
507 588 426 0 471 345 478 228 344 362 296 522
333 1045 650 471 0 810 390 693 577 109 690 752
763 245 600 345 810 0 705 184 549 700 217 656
82 891 853 478 390 705 0 679 767 354 509 959
721 416 418 228 693 184 679 0 365 585 298 481
770 774 86 344 577 549 767 365 0 499 609 192
318 937 577 362 109 700 354 585 499 0 586 682
575 384 680 296 690 217 509 298 609 586 0 760
961 851 107 522 752 656 959 481 192 682 760 0
