0 623 219 384 66 194 383 144 773 663
623 0 596 613 599 608 498 626 382 101
219 596 0 166 272 28 541 356 846 601
384 613 166 0 435 193 676 518 920 591
66 599 272 435 0 250 319 84 720 647
194 608 28 193 250 0 528 333 847 618
383 498 541 676 319 528 0 271 449 585
144 626 356 518 84 333 271 0 700 685
773 382 846 920 720 847 449 700 0 475
663 101 601 591 647 618 585 685 475 0
