0 176 205 488 1231 245 596 854 634 650
176 0 56 526 1119 204 531 862 615 477
205 56 0 488 1064 160 476 816 565 446
488 526 488 0 951 329 317 371 218 767
1231 1119 1064 951 0 989 664 790 738 827
245 204 160 329 989 0 352 659 414 511
596 531 476 317 664 352 0 417 170 542
854 862 816 371 790 659 417 0 262 960
634 615 565 218 738 414 170 262 0 708
650 477 446 767 827 511 542 960 708 0
