0 795 439 730 582 592 251 821
795 0 422 798 428 784 906 91
439 422 0 819 480 732 491 482
730 798 819 0 380 145 978 741
582 428 480 380 0 356 792 388
592 784 732 145 356 0 842 742
251 906 491 978 792 842 0 953
821 91 482 741 388 742 953 0
