0 331 338 835 599 727 764 596 904 871 785 785
331 0 386 979 835 766 845 554 1072 1028 970 888
338 386 0 593 489 406 467 260 688 643 590 505
835 979 593 0 333 316 201 534 113 61 131 137
599 835 489 333 0 481 415 587 349 337 225 382
727 766 406 316 481 0 115 240 429 376 401 180
764 845 467 201 415 115 0 347 314 262 297 65
596 554 260 534 587 240 347 0 646 594 589 407
904 1072 688 113 349 429 314 646 0 52 126 249
871 1028 643 61 337 376 262 594 52 0 115 197
785 970 590 131 225 401 297 589 126 115 0 239
785 888 505 137 382 180 65 407 249 197 239 0
