0 698 787 355 500 220 508 612 196 192
698 0 802 773 248 565 530 178 674 755
787 802 0 481 852 887 330 626 595 639
355 773 481 0 673 530 322 620 171 172
500 248 852 673 0 330 530 292 535 605
220 565 887 530 330 0 568 533 360 393
508 530 330 322 530 568 0 354 342 414
612 178 626 620 292 533 354 0 545 629
196 674 595 171 535 360 342 545 0 84
192 755 639 172 605 393 414 629 84 0
